400.03	87.170
400.30	83.987
400.56	83.075
400.82	84.723
401.09	83.474
401.35	83.067
401.61	84.124
401.88	84.933
402.14	84.649
402.41	84.376
402.67	83.473
402.93	82.001
403.20	81.940
403.46	80.435
403.72	81.627
403.99	81.588
404.25	81.576
404.51	81.256
404.78	81.449
405.04	81.873
405.30	80.444
405.57	79.657
405.83	81.984
406.09	79.521
406.36	79.614
406.62	79.940
406.88	79.010
407.15	80.107
407.41	82.180
407.67	78.801
407.94	78.560
408.20	80.180
408.46	78.296
408.73	79.902
408.99	77.795
409.25	78.542
409.51	77.755
409.78	78.625
410.04	79.001
410.30	78.174
410.57	77.728
410.83	76.615
411.09	76.976
411.36	77.087
411.62	77.030
411.88	76.888
412.15	75.806
412.41	76.603
412.67	75.252
412.94	74.856
413.20	76.234
413.46	76.756
413.72	76.769
413.99	75.266
414.25	75.998
414.51	73.665
414.78	74.321
415.04	75.084
415.30	73.789
415.57	73.745
415.83	75.237
416.09	73.318
416.35	72.689
416.62	74.400
416.88	72.701
417.14	72.241
417.41	74.347
417.67	72.802
417.93	72.083
418.20	72.400
418.46	70.590
418.72	70.365
418.98	71.897
419.25	70.049
419.51	71.151
419.77	70.478
420.04	70.992
420.30	70.218
420.56	70.561
420.82	69.713
421.09	69.972
421.35	69.557
421.61	69.080
421.87	68.604
422.14	68.204
422.40	68.718
422.66	68.342
422.93	67.369
423.19	66.275
423.45	66.969
423.71	67.334
423.98	67.030
424.24	66.167
424.50	65.782
424.76	65.573
425.03	65.392
425.29	66.007
425.55	65.014
425.82	65.316
426.08	64.840
426.34	63.800
426.60	63.991
426.87	64.478
427.13	63.671
427.39	63.171
427.65	63.471
427.92	62.824
428.18	62.932
428.44	62.800
428.70	62.777
428.97	62.534
429.23	61.831
429.49	62.239
429.75	61.481
430.02	61.527
430.28	60.480
430.54	60.008
430.80	59.944
431.07	59.038
431.33	58.827
431.59	58.653
431.85	59.199
432.12	58.950
432.38	58.923
432.64	58.295
432.90	57.788
433.17	57.950
433.43	58.140
433.69	57.489
433.95	57.392
434.21	56.594
434.48	56.110
434.74	56.653
435.00	55.606
435.26	55.383
435.53	55.247
435.79	54.458
436.05	54.244
436.31	53.563
436.58	54.181
436.84	54.032
437.10	53.185
437.36	52.950
437.62	53.050
437.89	53.188
438.15	52.771
438.41	52.227
438.67	52.678
438.94	52.442
439.20	51.538
439.46	50.538
439.72	50.261
439.98	50.521
440.25	50.218
440.51	50.048
440.77	49.937
441.03	49.722
441.29	49.461
441.56	49.074
441.82	49.200
442.08	48.573
442.34	48.204
442.60	47.766
442.87	47.956
443.13	48.077
443.39	47.066
443.65	47.110
443.91	47.300
444.18	45.914
444.44	45.567
444.70	44.860
444.96	45.613
445.22	45.482
445.49	44.612
445.75	44.058
446.01	43.530
446.27	43.336
446.53	42.456
446.80	42.494
447.06	42.609
447.32	42.093
447.58	41.358
447.84	40.613
448.11	40.841
448.37	40.195
448.63	40.189
448.89	39.870
449.15	39.573
449.41	39.142
449.68	39.067
449.94	38.288
450.20	38.085
450.46	38.167
450.72	37.569
450.99	37.740
451.25	37.251
451.51	36.652
451.77	36.534
452.03	36.049
452.29	35.553
452.56	35.465
452.82	35.694
453.08	35.038
453.34	34.549
453.60	34.530
453.86	33.834
454.13	33.049
454.39	32.785
454.65	32.877
454.91	32.733
455.17	32.419
455.43	31.994
455.70	31.842
455.96	31.276
456.22	31.284
456.48	30.524
456.74	30.274
457.00	30.382
457.26	29.797
457.53	29.381
457.79	28.864
458.05	28.352
458.31	28.119
458.57	27.882
458.83	27.759
459.10	27.388
459.36	26.824
459.62	26.858
459.88	26.081
460.14	25.679
460.40	25.187
460.66	25.176
460.93	25.197
461.19	24.620
461.45	24.080
461.71	23.875
461.97	23.352
462.23	22.754
462.49	22.570
462.76	22.371
463.02	22.338
463.28	21.838
463.54	21.477
463.80	21.016
464.06	20.674
464.32	20.211
464.58	19.744
464.85	19.233
465.11	19.114
465.37	18.709
465.63	18.426
465.89	18.005
466.15	17.376
466.41	16.855
466.67	16.425
466.94	16.042
467.20	15.894
467.46	15.686
467.72	15.355
467.98	15.198
468.24	14.718
468.50	14.479
468.76	13.741
469.02	13.487
469.29	13.235
469.55	12.865
469.81	12.513
470.07	12.089
470.33	11.719
470.59	11.301
470.85	11.009
471.11	10.562
471.37	10.534
471.64	9.963
471.90	9.790
472.16	9.556
472.42	9.276
472.68	9.008
472.94	8.675
473.20	8.432
473.46	8.210
473.72	7.602
473.98	7.661
474.25	7.484
474.51	7.168
474.77	7.011
475.03	6.427
475.29	6.508
475.55	6.301
475.81	5.975
476.07	5.759
476.33	5.519
476.59	5.424
476.85	5.256
477.12	5.022
477.38	4.846
477.64	4.771
477.90	4.664
478.16	4.459
478.42	4.300
478.68	3.956
478.94	3.887
479.20	3.682
479.46	3.657
479.72	3.469
479.98	3.178
480.24	3.122
480.51	2.983
480.77	2.969
481.03	2.875
481.29	2.594
481.55	2.489
481.81	2.446
482.07	2.363
482.33	2.103
482.59	2.103
482.85	1.981
483.11	1.823
483.37	1.817
483.63	1.732
483.89	1.671
484.15	1.586
484.42	1.575
484.68	1.400
484.94	1.395
485.20	1.382
485.46	1.173
485.72	1.286
485.98	1.268
486.24	1.073
486.50	1.093
486.76	1.054
487.02	0.909
487.28	0.852
487.54	0.823
487.80	0.869
488.06	0.788
488.32	0.883
488.58	0.748
488.84	0.768
489.10	0.648
489.36	0.607
489.63	0.478
489.89	0.620
490.15	0.564
490.41	0.554
490.67	0.550
490.93	0.538
491.19	0.385
491.45	0.407
491.71	0.321
491.97	0.437
492.23	0.377
492.49	0.393
492.75	0.319
493.01	0.304
493.27	0.309
493.53	0.402
493.79	0.368
494.05	0.318
494.31	0.274
494.57	0.254
494.83	0.198
495.09	0.274
495.35	0.244
495.61	0.224
495.87	0.198
496.13	0.243
496.39	0.163
496.65	0.133
496.91	0.145
497.17	0.174
497.43	0.197
497.69	0.215
497.95	0.197
498.21	0.224
498.47	0.071
498.73	0.155
498.99	0.168
499.25	0.098
499.51	0.099
499.77	0.093
500.03	0.048
500.29	0.091
500.55	0.042
500.81	0.022
501.07	0.167
501.33	0.119
501.59	0.033
501.85	0.141
502.11	0.087
502.37	0.099
502.63	0.055
502.89	0.095
503.15	0.124
503.41	0.098
503.67	0.010
503.93	0.114
504.19	0.062
504.45	0.066
504.71	0.020
504.97	0.156
505.23	0.162
505.49	-0.020
505.75	0.062
506.01	0.049
506.27	0.073
506.53	0.121
506.79	0.080
507.05	0.087
507.31	0.005
507.57	-0.069
507.83	-0.001
508.09	0.092
508.35	0.031
508.61	-0.007
508.87	0.133
509.13	0.046
509.39	0.021
509.65	0.025
509.91	0.059
510.17	-0.004
510.43	0.059
510.69	-0.057
510.95	-0.003
511.21	0.090
511.47	0.036
511.73	-0.003
511.99	-0.013
512.25	0.091
512.51	0.046
512.76	0.112
513.02	0.077
513.28	0.028
513.54	0.044
513.80	0.072
514.06	-0.004
514.32	0.003
514.58	0.029
514.84	0.000
515.10	0.008
515.36	-0.019
515.62	0.069
515.88	0.067
516.14	0.025
516.40	0.081
516.66	0.023
516.92	-0.085
517.18	-0.003
517.44	0.049
517.70	0.072
517.95	0.103
518.21	-0.004
518.47	0.011
518.73	0.062
518.99	-0.022
519.25	0.009
519.51	0.016
519.77	0.036
520.03	0.019
520.29	0.092
520.55	0.090
520.81	0.022
521.07	0.026
521.33	0.075
521.59	0.033
521.85	0.007
522.10	0.075
522.36	0.116
522.62	0.028
522.88	-0.002
523.14	-0.059
523.40	0.007
523.66	0.072
523.92	0.125
524.18	0.048
524.44	0.076
524.70	-0.007
524.96	0.018
525.21	0.035
525.47	0.052
525.73	0.043
525.99	0.038
526.25	0.007
526.51	0.014
526.77	0.058
527.03	0.033
527.29	0.039
527.55	0.076
527.81	-0.013
528.07	0.042
528.32	0.019
528.58	0.007
528.84	0.071
529.10	0.040
529.36	0.048
529.62	0.057
529.88	0.063
530.14	-0.011
530.40	0.011
530.66	0.042
530.91	0.032
531.17	-0.012
531.43	0.060
531.69	0.002
531.95	0.036
532.21	0.008
532.47	-0.059
532.73	0.051
532.99	0.005
533.24	0.048
533.50	-0.003
533.76	-0.013
534.02	0.060
534.28	0.030
534.54	0.057
534.80	0.057
535.06	0.039
535.32	0.023
535.57	0.031
535.83	0.044
536.09	0.090
536.35	0.090
536.61	0.037
536.87	0.070
537.13	0.090
537.39	0.052
537.64	0.067
537.90	0.033
538.16	0.028
538.42	0.033
538.68	0.027
538.94	0.001
539.20	0.017
539.45	-0.045
539.71	0.015
539.97	0.083
540.23	0.024
540.49	0.013
540.75	0.037
541.01	0.066
541.27	0.049
541.52	0.076
541.78	0.044
542.04	0.039
542.30	0.038
542.56	0.055
542.82	0.070
543.07	-0.023
543.33	0.087
543.59	0.123
543.85	0.017
544.11	0.022
544.37	0.021
544.63	0.038
544.88	0.033
545.14	0.092
545.40	0.080
545.66	0.057
545.92	0.079
546.18	0.051
546.44	0.097
546.69	0.028
546.95	0.019
547.21	0.023
547.47	-0.009
547.73	0.016
547.99	-0.038
548.24	0.048
548.50	0.016
548.76	-0.010
549.02	0.033
549.28	0.015
549.54	0.064
549.79	0.039
550.05	0.032
550.31	0.020
550.57	0.028
550.83	0.061
551.08	0.042
551.34	0.016
551.60	0.066
551.86	0.046
552.12	0.028
552.38	0.059
552.63	0.029
552.89	0.043
553.15	0.041
553.41	0.021
553.67	0.031
553.93	0.084
554.18	0.020
554.44	0.033
554.70	0.067
554.96	0.034
555.22	0.040
555.47	0.074
555.73	0.019
555.99	0.069
556.25	0.043
556.51	0.063
556.76	0.063
557.02	0.017
557.28	0.003
557.54	0.058
557.80	0.054
558.05	0.029
558.31	0.071
558.57	0.036
558.83	0.079
559.09	0.038
559.34	0.017
559.60	0.055
559.86	0.038
560.12	0.043
560.38	0.049
560.63	0.065
560.89	0.017
561.15	0.028
561.41	0.056
561.67	0.036
561.92	0.008
562.18	0.031
562.44	0.029
562.70	0.018
562.95	0.039
563.21	0.013
563.47	0.027
563.73	0.033
563.99	0.033
564.24	0.062
564.50	0.029
564.76	0.012
565.02	0.037
565.27	0.045
565.53	0.068
565.79	0.059
566.05	0.032
566.31	0.058
566.56	0.084
566.82	0.041
567.08	0.012
567.34	0.055
567.59	0.037
567.85	0.034
568.11	0.064
568.37	0.047
568.62	0.023
568.88	0.036
569.14	0.046
569.40	0.067
569.66	0.051
569.91	0.028
570.17	0.062
570.43	0.042
570.69	0.078
570.94	0.069
571.20	0.006
571.46	-0.001
571.72	0.041
571.97	0.031
572.23	0.047
572.49	0.044
572.75	0.011
573.00	0.039
573.26	0.057
573.52	0.069
573.78	0.037
574.03	0.064
574.29	0.034
574.55	0.070
574.81	0.042
575.06	0.029
575.32	0.014
575.58	0.072
575.83	0.047
576.09	0.038
576.35	0.017
576.61	0.056
576.86	0.026
577.12	0.037
577.38	-0.007
577.64	0.042
577.89	0.089
578.15	0.050
578.41	0.057
578.67	0.029
578.92	0.053
579.18	0.053
579.44	-0.008
579.69	0.023
579.95	0.042
580.21	0.053
580.47	0.055
580.72	0.031
580.98	0.039
581.24	0.026
581.49	0.060
581.75	0.033
582.01	0.042
582.27	0.025
582.52	0.011
582.78	0.041
583.04	0.030
583.29	0.016
583.55	0.079
583.81	0.023
584.07	0.004
584.32	0.004
584.58	0.047
584.84	0.026
585.09	0.067
585.35	0.034
585.61	0.033
585.87	-0.005
586.12	0.061
586.38	0.053
586.64	0.070
586.89	0.067
587.15	0.080
587.41	0.031
587.66	0.063
587.92	0.045
588.18	0.013
588.44	0.068
588.69	0.041
588.95	0.038
589.21	0.016
589.46	0.013
589.72	0.057
589.98	0.043
590.23	0.047
590.49	0.034
590.75	0.004
591.00	0.040
591.26	0.049
591.52	0.033
591.77	0.050
592.03	0.071
592.29	0.076
592.54	0.011
592.80	0.011
593.06	-0.003
593.32	0.025
593.57	0.101
593.83	0.037
594.09	0.003
594.34	0.035
594.60	0.060
594.86	0.049
595.11	0.030
595.37	0.058
595.63	0.056
595.88	0.075
596.14	0.082
596.40	0.035
596.65	0.040
596.91	0.025
597.17	0.024
597.42	0.032
597.68	0.034
597.94	0.023
598.19	0.018
598.45	0.022
598.70	-0.012
598.96	0.051
599.22	0.042
599.47	0.048
599.73	0.042
599.99	0.053
600.24	0.054
600.50	0.042
600.76	0.001
601.01	0.035
601.27	0.036
601.53	0.056
601.78	0.043
602.04	0.049
602.30	0.018
602.55	0.056
602.81	0.061
603.07	0.020
603.32	0.042
603.58	0.061
603.83	0.029
604.09	0.069
604.35	0.048
604.60	0.051
604.86	0.025
605.12	0.055
605.37	0.051
605.63	0.048
605.89	0.055
606.14	0.026
606.40	0.045
606.65	0.047
606.91	0.056
607.17	0.046
607.42	0.030
607.68	0.043
607.94	0.027
608.19	0.053
608.45	0.038
608.70	0.045
608.96	0.053
609.22	0.043
609.47	0.048
609.73	0.015
609.99	0.021
610.24	0.022
610.50	0.029
610.75	0.010
611.01	0.031
611.27	0.077
611.52	0.039
611.78	0.072
612.03	0.052
612.29	0.009
612.55	0.031
612.80	0.067
613.06	0.046
613.31	0.048
613.57	0.036
613.83	0.070
614.08	0.057
614.34	0.013
614.59	0.020
614.85	0.071
615.11	0.065
615.36	0.045
615.62	0.075
615.87	0.043
616.13	0.054
616.39	0.037
616.64	0.017
616.90	0.044
617.15	0.046
617.41	0.012
617.67	0.060
617.92	0.066
618.18	0.024
618.43	0.036
618.69	0.032
618.95	0.037
619.20	0.000
619.46	0.010
619.71	0.066
619.97	0.031
620.22	0.021
620.48	0.029
620.74	0.035
620.99	0.070
621.25	0.028
621.50	0.059
621.76	0.051
622.01	0.029
622.27	0.045
622.53	0.050
622.78	0.043
623.04	0.035
623.29	0.065
623.55	0.073
623.80	0.078
624.06	0.047
624.32	0.056
624.57	0.065
624.83	0.054
625.08	0.054
625.34	0.052
625.59	0.073
625.85	0.028
626.11	0.099
626.36	0.024
626.62	0.037
626.87	0.065
627.13	0.079
627.38	0.070
627.64	0.083
627.89	0.050
628.15	0.048
628.41	0.070
628.66	0.050
628.92	0.080
629.17	0.026
629.43	0.063
629.68	0.057
629.94	0.056
630.19	0.039
630.45	0.072
630.70	0.050
630.96	0.060
631.22	0.010
631.47	0.054
631.73	0.033
631.98	0.070
632.24	0.030
632.49	0.017
632.75	0.048
633.00	0.046
633.26	0.023
633.51	0.038
633.77	0.063
634.02	0.066
634.28	0.041
634.54	0.047
634.79	0.045
635.05	0.072
635.30	0.077
635.56	0.062
635.81	0.033
636.07	0.026
636.32	0.066
636.58	0.053
636.83	0.032
637.09	0.061
637.34	0.093
637.60	0.054
637.85	0.047
638.11	0.052
638.36	0.058
638.62	0.055
638.87	0.064
639.13	0.079
639.38	0.071
639.64	0.034
639.89	0.073
640.15	0.080
640.40	0.095
640.66	0.041
640.91	0.039
641.17	0.042
641.42	0.055
641.68	0.073
641.94	0.059
642.19	0.067
642.45	0.065
642.70	0.113
642.96	0.036
643.21	0.026
643.47	0.050
643.72	0.082
643.98	0.035
644.23	0.055
644.48	0.039
644.74	0.047
644.99	0.070
645.25	0.064
645.50	0.060
645.76	0.062
646.01	0.080
646.27	0.065
646.52	0.050
646.78	0.078
647.03	0.064
647.29	0.065
647.54	0.017
647.80	0.053
648.05	0.064
648.31	0.041
648.56	0.041
648.82	0.063
649.07	0.067
649.33	0.054
649.58	0.056
649.84	0.057
650.09	0.056
650.35	0.050
650.60	0.067
650.86	0.050
651.11	0.036
651.37	0.033
651.62	0.053
651.87	0.048
652.13	0.021
652.38	0.065
652.64	0.061
652.89	0.045
653.15	0.051
653.40	0.053
653.66	0.083
653.91	0.042
654.17	0.073
654.42	0.070
654.68	0.073
654.93	0.075
655.18	0.084
655.44	0.074
655.69	0.052
655.95	0.050
656.20	0.067
656.46	0.051
656.71	0.048
656.97	0.069
657.22	0.046
657.48	0.071
657.73	0.059
657.98	0.054
658.24	0.051
658.49	0.021
658.75	0.055
659.00	0.033
659.26	0.077
659.51	0.055
659.77	0.062
660.02	0.054
660.27	0.038
660.53	0.086
660.78	0.121
661.04	0.081
661.29	0.098
661.55	0.063
661.80	0.072
662.05	0.055
662.31	0.081
662.56	0.072
662.82	0.063
663.07	0.100
663.33	0.042
663.58	0.046
663.83	0.060
664.09	0.083
664.34	0.092
664.60	0.081
664.85	0.092
665.11	0.091
665.36	0.085
665.61	0.075
665.87	0.109
666.12	0.085
666.38	0.063
666.63	0.072
666.88	0.065
667.14	0.092
667.39	0.076
667.65	0.057
667.90	0.062
668.16	0.057
668.41	0.048
668.66	0.052
668.92	0.085
669.17	0.082
669.43	0.082
669.68	0.085
669.93	0.075
670.19	0.046
670.44	0.064
670.70	0.053
670.95	0.055
671.20	0.100
671.46	0.075
671.71	0.114
671.97	0.076
672.22	0.084
672.47	0.088
672.73	0.092
672.98	0.090
673.24	0.090
673.49	0.103
673.74	0.075
674.00	0.071
674.25	0.059
674.51	0.077
674.76	0.100
675.01	0.113
675.27	0.109
675.52	0.103
675.77	0.097
676.03	0.086
676.28	0.072
676.54	0.094
676.79	0.106
677.04	0.133
677.30	0.103
677.55	0.116
677.80	0.107
678.06	0.096
678.31	0.095
678.57	0.110
678.82	0.132
679.07	0.107
679.33	0.125
679.58	0.107
679.83	0.115
680.09	0.113
680.34	0.117
680.60	0.140
680.85	0.112
681.10	0.136
681.36	0.124
681.61	0.124
681.86	0.158
682.12	0.148
682.37	0.165
682.62	0.160
682.88	0.184
683.13	0.150
683.39	0.158
683.64	0.136
683.89	0.137
684.15	0.210
684.40	0.183
684.65	0.237
684.91	0.264
685.16	0.226
685.41	0.277
685.67	0.281
685.92	0.278
686.17	0.315
686.43	0.330
686.68	0.354
686.93	0.379
687.19	0.414
687.44	0.383
687.69	0.420
687.95	0.411
688.20	0.527
688.45	0.551
688.71	0.563
688.96	0.649
689.21	0.692
689.47	0.798
689.72	0.839
689.97	0.877
690.23	0.953
690.48	1.006
690.73	1.129
690.99	1.216
691.24	1.287
691.49	1.429
691.75	1.566
692.00	1.727
692.25	1.860
692.51	1.936
692.76	2.075
693.01	2.219
693.27	2.435
693.52	2.612
693.77	2.778
694.03	2.965
694.28	3.228
694.53	3.402
694.79	3.617
695.04	3.894
695.29	4.163
695.55	4.511
695.80	4.752
696.05	5.036
696.30	5.347
696.56	5.662
696.81	6.020
697.06	6.403
697.32	6.854
697.57	7.198
697.82	7.662
698.08	7.983
698.33	8.328
698.58	8.817
698.84	9.329
699.09	9.765
699.34	10.252
699.59	10.770
699.85	11.374
700.10	11.982
700.35	12.624
700.61	13.173
700.86	13.785
701.11	14.561
701.36	15.258
701.62	15.759
701.87	16.380
702.12	16.779
702.38	17.495
702.63	18.211
702.88	18.999
703.14	19.563
703.39	20.367
703.64	21.087
703.89	21.920
704.15	22.529
704.40	23.349
704.65	24.008
704.90	24.698
705.16	25.522
705.41	26.182
705.66	26.869
705.92	27.729
706.17	28.761
706.42	29.584
706.67	30.270
706.93	30.958
707.18	31.668
707.43	32.598
707.68	33.230
707.94	33.896
708.19	34.656
708.44	35.471
708.70	36.455
708.95	37.492
709.20	38.319
709.45	39.090
709.71	40.023
709.96	40.594
710.21	41.279
710.46	42.147
710.72	42.697
710.97	43.563
711.22	44.727
711.47	45.600
711.73	46.299
711.98	47.026
712.23	47.576
712.48	48.358
712.74	49.446
712.99	50.274
713.24	50.926
713.49	52.109
713.75	52.780
714.00	53.393
714.25	54.206
714.50	54.838
714.76	55.580
715.01	56.348
715.26	57.204
715.51	58.384
715.77	58.579
716.02	58.824
716.27	59.784
716.52	60.424
716.78	61.240
717.03	62.402
717.28	63.217
717.53	63.682
717.79	64.271
718.04	64.620
718.29	65.427
718.54	66.104
718.79	67.078
719.05	68.219
719.30	68.109
719.55	68.036
719.80	68.483
720.06	69.034
720.31	70.249
720.56	70.804
720.81	70.583
721.06	72.053
721.32	73.309
721.57	73.516
721.82	74.198
722.07	74.471
722.33	75.035
722.58	74.961
722.83	75.182
723.08	75.139
723.33	75.531
723.59	76.304
723.84	76.781
724.09	77.032
724.34	77.137
724.59	77.955
724.85	78.039
725.10	78.220
725.35	78.782
725.60	79.842
725.86	79.885
726.11	80.441
726.36	81.673
726.61	82.083
726.86	83.015
727.12	84.009
727.37	83.165
727.62	82.130
727.87	82.909
728.12	83.737
728.38	84.433
728.63	84.907
728.88	85.120
729.13	86.090
729.38	87.690
729.63	87.903
729.89	87.345
730.14	87.660
730.39	87.752
730.64	87.512
730.89	87.971
731.15	88.289
731.40	87.851
731.65	88.509
731.90	88.885
732.15	89.307
732.41	89.681
732.66	89.531
732.91	89.403
733.16	89.217
733.41	90.587
733.66	90.287
733.92	89.591
734.17	89.873
734.42	90.093
734.67	91.733
734.92	91.950
735.17	91.146
735.43	90.831
735.68	90.298
735.93	92.033
736.18	91.621
736.43	92.040
736.68	91.821
736.94	92.420
737.19	93.096
737.44	92.561
737.69	93.877
737.94	93.593
738.19	92.480
738.45	92.828
738.70	93.884
738.95	95.096
739.20	95.801
739.45	95.512
739.70	93.847
739.96	93.756
740.21	94.261
740.46	94.210
740.71	92.543
740.96	92.291
741.21	94.129
741.46	94.045
741.72	94.341
741.97	95.499
742.22	95.320
742.47	95.255
742.72	95.694
742.97	96.134
743.22	95.644
743.48	95.615
743.73	95.229
743.98	94.941
744.23	94.959
744.48	96.363
744.73	96.142
744.98	94.473
745.24	94.429
745.49	95.967
745.74	95.602
745.99	95.614
746.24	95.510
746.49	96.365
746.74	97.375
746.99	97.368
747.25	96.745
747.50	96.208
747.75	96.056
748.00	96.288
748.25	97.378
748.50	99.179
748.75	98.942
749.00	96.900
749.26	96.285
749.51	97.350
749.76	98.954
750.01	99.071
750.26	99.049
750.51	98.357
750.76	98.456
751.01	98.456
751.26	98.460
751.52	98.846
751.77	98.724
752.02	97.521
752.27	97.674
752.52	97.600
752.77	98.356
753.02	98.382
753.27	97.999
753.52	98.242
753.78	98.311
754.03	98.226
754.28	96.839
754.53	97.208
754.78	97.314
755.03	97.398
755.28	98.257
755.53	98.190
755.78	98.203
756.03	97.586
756.29	97.172
756.54	98.631
756.79	99.080
757.04	99.283
757.29	99.174
757.54	99.206
757.79	99.574
758.04	99.965
758.29	99.698
758.54	99.562
758.79	99.022
759.05	98.787
759.30	99.912
759.55	99.606
759.80	98.961
760.05	98.684
760.30	98.818
760.55	98.397
760.80	98.462
761.05	98.192
761.30	98.675
761.55	98.582
761.80	98.846
762.06	99.156
762.31	99.446
762.56	99.779
762.81	99.975
763.06	100.102
763.31	99.295
763.56	98.783
763.81	98.276
764.06	98.833
764.31	99.340
764.56	99.264
764.81	99.119
765.06	99.551
765.31	99.726
765.56	100.328
765.82	100.590
766.07	100.175
766.32	98.998
766.57	99.003
766.82	98.368
767.07	97.642
767.32	98.360
767.57	98.592
767.82	98.158
768.07	98.261
768.32	98.103
768.57	98.373
768.82	99.297
769.07	99.405
769.32	98.699
769.57	98.144
769.82	98.461
770.07	98.500
770.32	98.369
770.57	99.308
770.83	99.333
771.08	99.824
771.33	98.379
771.58	97.722
771.83	97.305
772.08	98.297
772.33	98.832
772.58	98.658
772.83	97.948
773.08	97.494
773.33	98.239
773.58	99.081
773.83	98.834
774.08	98.910
774.33	98.358
774.58	98.632
774.83	98.377
775.08	98.670
775.33	97.652
775.58	97.543
775.83	98.073
776.08	97.694
776.33	98.441
776.58	99.332
776.83	99.121
777.08	99.653
777.33	99.702
777.58	99.628
777.83	99.895
778.08	100.525
778.33	99.290
778.58	99.860
778.83	99.519
779.08	99.576
779.33	99.146
779.58	98.556
779.83	99.370
780.08	99.395
780.33	99.116
780.59	98.956
780.84	98.869
781.09	98.715
781.34	98.021
781.59	98.191
781.84	99.516
782.09	98.738
782.34	98.985
782.59	100.058
782.84	98.986
783.09	98.980
783.34	98.486
783.59	97.850
783.84	99.142
784.09	100.240
784.34	99.122
784.59	98.887
784.83	98.211
785.08	98.501
785.33	99.025
785.58	100.041
785.83	100.030
786.08	100.279
786.33	99.540
786.58	100.073
786.83	100.893
787.08	101.916
787.33	101.342
787.58	100.332
787.83	99.218
788.08	99.532
788.33	100.749
788.58	100.212
788.83	101.241
789.08	101.147
789.33	100.254
789.58	99.409
789.83	98.958
790.08	99.358
790.33	98.957
790.58	98.396
790.83	99.142
791.08	100.499
791.33	99.837
791.58	99.208
791.83	99.478
792.08	100.000
792.33	100.267
792.58	99.853
792.83	98.605
793.08	98.955
793.33	99.616
793.58	99.453
793.83	100.003
794.08	99.885
794.33	99.662
794.57	99.694
794.82	98.881
795.07	98.811
795.32	100.059
795.57	99.479
795.82	99.583
796.07	100.465
796.32	100.575
796.57	100.460
796.82	99.949
797.07	100.514
797.32	101.522
797.57	101.276
797.82	101.521
798.07	99.855
798.32	100.932
798.57	101.613
798.82	100.495
799.07	100.451
799.32	100.253
799.56	99.105
799.81	99.149
800.06	99.203
800.31	100.430
800.56	99.098
800.81	97.989
801.06	97.981
801.31	98.556
801.56	99.193
801.81	99.372
802.06	98.615
802.31	99.289
802.56	97.891
802.81	97.360
803.05	97.261
803.30	96.724
803.55	97.238
803.80	97.388
804.05	97.630
804.30	97.513
804.55	97.314
804.80	98.170
805.05	98.526
805.30	98.648
805.55	98.912
805.80	98.143
806.05	97.128
806.29	97.750
806.54	98.122
806.79	98.552
807.04	99.028
807.29	99.077
807.54	100.129
807.79	100.105
808.04	100.219
808.29	100.656
808.54	99.376
808.79	98.779
809.03	100.099
809.28	99.227
809.53	98.875
809.78	98.526
810.03	98.264
810.28	98.021
810.53	98.078
810.78	97.581
811.03	98.004
811.28	98.282
811.52	97.969
811.77	97.363
812.02	97.399
812.27	97.366
812.52	97.256
812.77	96.918
813.02	97.743
813.27	96.753
813.52	97.304
813.76	97.801
814.01	99.063
814.26	99.308
814.51	97.612
814.76	98.220
815.01	98.789
815.26	98.230
815.51	98.249
815.76	98.263
816.00	98.492
816.25	99.563
816.50	99.269
816.75	99.565
817.00	98.823
817.25	99.190
817.50	100.094
817.75	99.784
817.99	98.970
818.24	99.295
818.49	99.649
818.74	100.017
818.99	101.192
819.24	100.135
819.49	98.724
819.74	99.084
819.98	99.785
820.23	99.245
820.48	98.721
820.73	98.816
820.98	98.879
821.23	99.346
821.48	99.063
821.72	99.354
821.97	98.545
822.22	98.291
822.47	97.972
822.72	98.483
822.97	97.655
823.22	96.769
823.46	97.830
823.71	99.020
823.96	98.568
824.21	97.257
824.46	97.469
824.71	97.781
824.95	98.418
825.20	99.125
825.45	99.668
825.70	98.827
825.95	99.453
826.20	100.438
826.45	100.127
826.69	98.276
826.94	97.360
827.19	98.241
827.44	98.141
827.69	98.456
827.94	98.225
828.18	98.135
828.43	98.505
828.68	99.321
828.93	99.390
829.18	99.714
829.43	99.081
829.67	99.126
829.92	99.232
830.17	99.661
830.42	99.693
830.67	99.474
830.92	98.478
831.16	97.181
831.41	96.940
831.66	98.636
831.91	98.352
832.16	98.988
832.40	99.038
832.65	98.699
832.90	98.739
833.15	98.375
833.40	99.420
833.65	99.385
833.89	99.299
834.14	99.097
834.39	99.091
834.64	97.929
834.89	97.942
835.13	98.789
835.38	98.495
835.63	98.669
835.88	99.408
836.13	98.795
836.37	97.345
836.62	97.564
836.87	98.076
837.12	98.054
837.37	98.658
837.62	99.355
837.86	98.294
838.11	99.018
838.36	99.936
838.61	99.675
838.86	98.433
839.10	98.299
839.35	98.363
839.60	97.649
839.85	99.324
840.09	99.861
840.34	101.131
840.59	100.332
840.84	100.632
841.09	101.334
841.33	100.987
841.58	100.219
841.83	100.218
842.08	100.479
842.33	100.789
842.57	100.244
842.82	99.280
843.07	98.163
843.32	97.552
843.56	98.381
843.81	98.235
844.06	98.989
844.31	98.380
844.56	99.793
844.80	100.242
845.05	100.143
845.30	97.898
845.55	97.837
845.79	98.429
846.04	100.414
846.29	100.167
846.54	98.851
846.79	98.432
847.03	97.273
847.28	97.260
847.53	97.604
847.78	98.265
848.02	97.504
848.27	98.181
848.52	98.993
848.77	97.866
849.01	98.399
849.26	99.561
849.51	99.750
849.76	99.811
850.00	100.517
850.25	99.895
850.50	98.586
850.75	98.808
850.99	99.515
851.24	99.564
851.49	99.527
851.74	99.100
851.98	99.704
852.23	99.418
852.48	98.783
852.73	99.922
852.97	99.586
853.22	98.598
853.47	98.976
853.72	99.570
853.96	99.831
854.21	99.835
854.46	100.281
854.71	99.515
854.95	99.749
855.20	99.889
855.45	101.382
855.70	101.329
855.94	102.001
856.19	101.015
856.44	99.832
856.69	99.585
856.93	98.884
857.18	98.690
857.43	98.934
857.67	99.399
857.92	98.440
858.17	97.748
858.42	98.330
858.66	98.947
858.91	98.007
859.16	98.462
859.41	99.465
859.65	98.723
859.90	98.400
860.15	97.503
860.39	97.767
860.64	98.629
860.89	99.134
861.14	99.081
861.38	97.719
861.63	97.566
861.88	97.876
862.12	97.825
862.37	99.009
862.62	98.654
862.87	97.098
863.11	96.201
863.36	96.701
863.61	98.293
863.85	97.151
864.10	96.380
864.35	96.762
864.59	97.541
864.84	97.550
865.09	97.553
865.34	96.905
865.58	96.730
865.83	97.902
866.08	97.891
866.32	97.379
866.57	97.959
866.82	99.072
867.06	99.228
867.31	98.637
867.56	97.785
867.81	97.932
868.05	96.916
868.30	96.499
868.55	96.101
868.79	96.401
869.04	96.528
869.29	96.457
869.53	97.667
869.78	98.983
870.03	99.205
870.27	98.470
870.52	98.409
870.77	98.011
871.01	97.705
871.26	96.794
871.51	97.700
871.75	98.225
872.00	97.563
872.25	98.558
872.50	98.325
872.74	96.500
872.99	96.765
873.24	97.133
873.48	97.266
873.73	97.354
873.98	97.582
874.22	97.424
874.47	97.986
874.72	98.567
874.96	99.377
875.21	99.757
875.46	98.134
875.70	97.408
875.95	99.050
876.20	99.536
876.44	99.164
876.69	98.833
876.93	97.217
877.18	97.631
877.43	97.361
877.67	97.516
877.92	97.826
878.17	97.802
878.41	97.446
878.66	98.143
878.91	97.989
879.15	97.770
879.40	97.300
879.65	97.694
879.89	97.423
880.14	97.328
880.39	97.487
880.63	97.812
880.88	97.896
881.13	96.971
881.37	96.333
881.62	97.511
881.86	96.713
882.11	97.475
882.36	98.790
882.60	97.812
882.85	98.310
883.10	97.135
883.34	96.873
883.59	97.501
883.84	97.483
884.08	97.078
884.33	96.358
884.57	95.180
884.82	95.500
885.07	98.088
885.31	96.601
885.56	94.855
885.81	95.413
886.05	95.429
886.30	95.412
886.54	96.776
886.79	96.299
887.04	96.655
887.28	96.087
887.53	97.447
887.78	98.019
888.02	97.005
888.27	96.866
888.51	96.489
888.76	96.452
889.01	97.047
889.25	95.813
889.50	94.659
889.74	96.562
889.99	97.111
890.24	96.003
890.48	93.335
890.73	93.789
890.98	94.806
891.22	95.501
891.47	96.811
891.71	96.916
891.96	96.529
892.21	96.524
892.45	96.794
892.70	96.606
892.94	95.542
893.19	94.678
893.44	94.473
893.68	94.346
893.93	95.269
894.17	95.008
894.42	95.286
894.67	94.892
894.91	95.319
895.16	96.056
895.40	95.092
895.65	94.918
895.89	95.695
896.14	95.366
896.39	95.786
896.63	95.223
896.88	95.800
897.12	95.666
897.37	95.921
897.62	94.793
897.86	95.805
898.11	96.937
898.35	94.446
898.60	95.216
898.84	96.791
899.09	96.014
899.34	95.869
899.58	94.763
899.83	95.867
900.07	95.566
900.32	96.126
900.57	96.694
900.81	96.725
901.06	96.218
901.30	96.232
901.55	96.905
901.79	96.353
902.04	96.076
902.29	95.863
902.53	95.318
902.78	96.938
903.02	95.549
903.27	94.106
903.51	92.673
903.76	93.977
904.00	96.187
904.25	96.106
904.50	93.885
904.74	93.637
904.99	94.186
905.23	93.450
905.48	92.913
905.72	93.938
905.97	94.829
906.21	95.615
906.46	93.986
906.71	94.258
906.95	94.275
907.20	93.884
907.44	94.499
907.69	94.004
907.93	93.687
908.18	93.360
908.42	94.335
908.67	95.156
908.91	94.726
909.16	94.566
909.41	93.418
909.65	93.490
909.90	93.786
910.14	94.678
910.39	95.160
910.63	96.126
910.88	95.893
911.12	94.897
911.37	94.788
911.61	95.879
911.86	97.314
912.10	97.095
912.35	96.049
912.59	94.926
912.84	95.044
913.09	95.572
913.33	94.890
913.58	95.159
913.82	94.085
914.07	93.062
914.31	93.343
914.56	92.752
914.80	92.820
915.05	93.601
915.29	93.823
915.54	92.745
915.78	92.127
916.03	92.067
916.27	93.185
916.52	93.708
916.76	94.233
917.01	95.533
917.25	94.810
917.50	93.353
917.74	92.818
917.99	94.061
918.23	93.795
918.48	93.052
918.72	93.960
918.97	93.341
919.21	93.313
919.46	93.033
919.70	92.738
919.95	92.728
920.19	92.232
920.44	90.716
920.68	91.732
920.93	92.339
921.17	91.361
921.42	91.918
921.66	91.558
921.91	91.759
922.15	90.720
922.40	89.008
922.64	90.847
922.89	90.770
923.13	92.439
923.38	93.558
923.62	92.620
923.87	91.177
924.11	91.093
924.36	90.453
924.60	91.448
924.85	91.968
925.09	92.947
925.34	92.254
925.58	92.851
925.83	92.971
926.07	91.368
926.32	91.908
926.56	93.453
926.81	91.441
927.05	90.920
927.30	90.723
927.54	91.099
927.78	92.547
928.03	92.783
928.27	91.774
928.52	88.780
928.76	88.871
929.01	90.181
929.25	90.807
929.50	90.876
929.74	90.503
929.99	91.363
930.23	91.301
930.48	90.110
930.72	90.101
930.97	91.098
931.21	91.367
931.45	91.493
931.70	90.386
931.94	90.945
932.19	89.834
932.43	91.279
932.68	91.810
932.92	91.546
933.17	90.558
933.41	89.410
933.66	90.791
933.90	91.975
934.14	92.850
934.39	92.360
934.63	90.824
934.88	90.029
935.12	91.687
935.37	91.669
935.61	89.451
935.86	90.959
936.10	92.785
936.34	92.833
936.59	92.032
936.83	91.305
937.08	91.944
937.32	90.838
937.57	89.977
937.81	92.153
938.06	91.868
938.30	91.585
938.54	91.141
938.79	92.680
939.03	92.161
939.28	91.580
939.52	88.395
939.77	89.564
940.01	89.743
940.25	93.070
940.50	92.229
940.74	92.324
940.99	92.878
941.23	92.972
941.48	90.334
941.72	90.632
941.96	89.251
942.21	89.328
942.45	91.506
942.70	89.927
942.94	89.096
943.18	89.199
943.43	88.358
943.67	88.192
943.92	88.473
944.16	89.711
944.41	87.281
944.65	89.109
944.89	91.219
945.14	90.785
945.38	88.932
945.63	88.253
945.87	90.078
946.11	92.181
946.36	91.064
946.60	91.146
946.85	89.590
947.09	91.932
947.33	91.758
947.58	90.974
947.82	89.377
948.07	89.595
948.31	90.457
948.55	91.009
948.80	92.652
949.04	90.618
949.29	90.909
949.53	93.103
949.77	93.353
950.02	90.926
950.26	89.294
950.51	86.517
950.75	88.767
950.99	88.738
951.24	88.874
951.48	87.591
951.72	87.377
951.97	87.825
952.21	89.198
952.46	87.002
952.70	86.831
952.94	88.356
953.19	87.814
953.43	87.868
953.67	89.483
953.92	91.732
954.16	88.347
954.41	89.789
954.65	88.571
954.89	89.940
955.14	89.728
955.38	89.031
955.62	90.008
955.87	87.859
956.11	88.116
956.36	88.488
956.60	87.298
956.84	89.305
957.09	87.853
957.33	88.106
957.57	89.689
957.82	89.211
958.06	90.965
958.30	90.189
958.55	88.377
958.79	90.277
959.04	89.933
959.28	89.054
959.52	87.544
959.77	87.421
960.01	87.703
960.25	88.700
960.50	89.023
960.74	86.201
960.98	85.843
961.23	85.624
961.47	86.938
961.71	87.111
961.96	88.863
962.20	88.380
962.44	89.269
962.69	90.262
962.93	90.333
963.18	88.473
963.42	89.401
963.66	89.958
963.91	89.886
964.15	89.111
964.39	91.538
964.64	91.497
964.88	92.303
965.12	90.577
965.37	91.305
965.61	91.190
965.85	90.669
966.10	91.280
966.34	92.206
966.58	89.303
966.83	90.741
967.07	91.836
967.31	91.104
967.56	91.269
967.80	89.005
968.04	88.242
968.29	86.598
968.53	87.125
968.77	87.814
969.01	89.083
969.26	89.421
969.50	87.682
969.74	87.449
969.99	88.111
970.23	86.926
970.47	86.485
970.72	86.033
970.96	87.225
971.20	88.034
971.45	87.350
971.69	87.721
971.93	88.918
972.18	85.526
972.42	87.429
972.66	86.174
972.91	85.784
973.15	86.550
973.39	87.602
973.63	87.640
973.88	87.763
974.12	86.071
974.36	87.615
974.61	87.043
974.85	88.907
975.09	90.340
975.34	89.008
975.58	88.282
975.82	89.183
976.06	86.215
976.31	88.369
976.55	89.341
976.79	88.986
977.04	91.817
977.28	89.197
977.52	88.586
977.76	87.475
978.01	87.150
978.25	86.918
978.49	86.069
978.74	87.190
978.98	83.795
979.22	85.791
979.46	85.396
979.71	85.323
979.95	84.575
980.19	86.416
980.44	84.345
980.68	84.708
980.92	85.243
981.16	87.231
981.41	85.803
981.65	86.836
981.89	86.532
982.14	87.480
982.38	86.602
982.62	86.945
982.86	86.978
983.11	83.820
983.35	85.469
983.59	88.178
983.83	86.599
984.08	86.403
984.32	86.808
984.56	85.828
984.80	82.806
985.05	83.548
985.29	82.048
985.53	84.445
985.77	83.534
986.02	83.327
986.26	83.563
986.50	86.221
986.75	85.995
986.99	84.449
987.23	85.059
987.47	86.020
987.72	84.898
987.96	86.262
988.20	85.288
988.44	85.087
988.69	84.459
988.93	83.306
989.17	83.564
989.41	85.060
989.66	83.869
989.90	85.836
990.14	84.664
990.38	85.339
990.63	85.256
990.87	85.169
991.11	84.934
991.35	85.165
991.59	84.763
991.84	85.762
992.08	84.150
992.32	85.186
992.56	84.823
992.81	84.995
993.05	85.579
993.29	86.209
993.53	85.541
993.78	85.406
994.02	85.676
994.26	84.795
994.50	83.805
994.74	85.024
994.99	84.265
995.23	84.929
995.47	82.788
995.71	82.727
995.96	82.555
996.20	85.254
996.44	83.412
996.68	83.858
996.92	82.669
997.17	83.758
997.41	83.579
997.65	85.325
997.89	83.998
998.14	82.803
998.38	81.455
998.62	83.165
998.86	79.710
999.10	80.740
999.35	81.585
999.59	84.235
999.83	83.616
1000.07	86.354

