400.03	92.374
400.30	91.438
400.56	90.024
400.82	91.708
401.09	88.870
401.35	91.834
401.61	90.194
401.88	91.929
402.14	91.354
402.41	91.617
402.67	90.577
402.93	91.057
403.20	89.956
403.46	91.760
403.72	94.148
403.99	89.697
404.25	89.211
404.51	90.177
404.78	88.562
405.04	90.249
405.30	91.023
405.57	91.505
405.83	92.661
406.09	92.079
406.36	93.243
406.62	91.394
406.88	91.488
407.15	91.811
407.41	92.081
407.67	92.257
407.94	90.865
408.20	90.701
408.46	89.960
408.73	90.778
408.99	91.577
409.25	92.337
409.51	91.127
409.78	90.998
410.04	91.429
410.30	91.567
410.57	92.331
410.83	92.514
411.09	91.516
411.36	92.403
411.62	91.660
411.88	91.681
412.15	90.369
412.41	91.083
412.67	89.778
412.94	89.900
413.20	89.349
413.46	90.701
413.72	89.795
413.99	89.657
414.25	91.022
414.51	90.917
414.78	89.854
415.04	88.505
415.30	87.552
415.57	86.652
415.83	86.790
416.09	85.989
416.35	86.114
416.62	85.810
416.88	85.894
417.14	84.658
417.41	83.508
417.67	83.140
417.93	84.369
418.20	84.012
418.46	82.978
418.72	82.700
418.98	83.341
419.25	82.533
419.51	82.001
419.77	83.155
420.04	82.590
420.30	83.952
420.56	82.349
420.82	82.460
421.09	80.837
421.35	80.735
421.61	80.047
421.87	79.918
422.14	78.365
422.40	79.057
422.66	78.619
422.93	77.921
423.19	79.067
423.45	78.570
423.71	78.607
423.98	78.249
424.24	78.569
424.50	78.386
424.76	78.407
425.03	78.402
425.29	78.469
425.55	76.949
425.82	76.034
426.08	74.537
426.34	72.127
426.60	69.330
426.87	66.270
427.13	63.902
427.39	59.703
427.65	54.448
427.92	48.805
428.18	43.493
428.44	38.676
428.70	34.484
428.97	30.997
429.23	28.769
429.49	26.059
429.75	26.121
430.02	25.650
430.28	26.715
430.54	27.824
430.80	29.125
431.07	30.833
431.33	31.221
431.59	32.549
431.85	33.308
432.12	33.603
432.38	34.117
432.64	33.749
432.90	33.742
433.17	32.870
433.43	32.592
433.69	32.117
433.95	31.485
434.21	30.858
434.48	29.465
434.74	28.071
435.00	26.984
435.26	26.409
435.53	24.794
435.79	23.228
436.05	22.839
436.31	20.370
436.58	19.252
436.84	18.525
437.10	17.032
437.36	16.367
437.62	15.812
437.89	14.418
438.15	13.290
438.41	13.267
438.67	12.475
438.94	11.485
439.20	10.837
439.46	10.630
439.72	9.738
439.98	9.902
440.25	9.260
440.51	8.650
440.77	8.677
441.03	8.453
441.29	8.245
441.56	8.171
441.82	8.171
442.08	7.430
442.34	7.769
442.60	7.461
442.87	7.718
443.13	7.611
443.39	8.147
443.65	7.723
443.91	7.878
444.18	8.165
444.44	7.905
444.70	8.050
444.96	7.770
445.22	7.330
445.49	7.663
445.75	7.329
446.01	7.580
446.27	7.693
446.53	8.139
446.80	8.165
447.06	8.085
447.32	7.986
447.58	8.166
447.84	8.607
448.11	8.721
448.37	9.105
448.63	9.388
448.89	9.619
449.15	10.164
449.41	10.454
449.68	10.864
449.94	10.868
450.20	11.330
450.46	11.851
450.72	12.196
450.99	12.630
451.25	13.231
451.51	13.496
451.77	14.147
452.03	14.293
452.29	14.337
452.56	15.156
452.82	15.163
453.08	15.659
453.34	16.384
453.60	15.856
453.86	16.759
454.13	17.137
454.39	16.532
454.65	16.476
454.91	16.538
455.17	16.718
455.43	16.743
455.70	16.777
455.96	16.660
456.22	16.629
456.48	16.723
456.74	16.833
457.00	16.375
457.26	15.820
457.53	15.666
457.79	15.887
458.05	15.589
458.31	15.325
458.57	15.097
458.83	15.042
459.10	14.812
459.36	14.396
459.62	13.758
459.88	14.249
460.14	14.229
460.40	14.065
460.66	13.896
460.93	13.718
461.19	13.620
461.45	13.374
461.71	13.345
461.97	12.922
462.23	12.606
462.49	12.440
462.76	12.552
463.02	12.386
463.28	12.563
463.54	12.231
463.80	12.060
464.06	12.314
464.32	12.093
464.58	11.950
464.85	12.003
465.11	11.651
465.37	11.766
465.63	11.670
465.89	11.372
466.15	11.466
466.41	10.867
466.67	10.817
466.94	10.597
467.20	10.479
467.46	10.676
467.72	10.111
467.98	9.898
468.24	9.774
468.50	9.305
468.76	9.019
469.02	9.075
469.29	8.610
469.55	8.300
469.81	8.147
470.07	7.969
470.33	7.580
470.59	7.441
470.85	7.542
471.11	7.484
471.37	7.167
471.64	7.236
471.90	7.155
472.16	7.505
472.42	7.277
472.68	7.615
472.94	7.568
473.20	8.178
473.46	8.567
473.72	8.774
473.98	9.222
474.25	9.285
474.51	9.828
474.77	10.117
475.03	10.246
475.29	10.679
475.55	10.889
475.81	11.216
476.07	11.537
476.33	11.914
476.59	12.268
476.85	12.796
477.12	12.992
477.38	13.556
477.64	13.705
477.90	13.738
478.16	14.168
478.42	14.306
478.68	14.209
478.94	14.478
479.20	14.222
479.46	14.261
479.72	14.201
479.98	13.575
480.24	13.377
480.51	13.194
480.77	13.142
481.03	12.844
481.29	12.727
481.55	12.692
481.81	12.775
482.07	12.833
482.33	13.177
482.59	13.205
482.85	13.945
483.11	14.491
483.37	15.330
483.63	16.232
483.89	17.258
484.15	18.284
484.42	19.446
484.68	20.586
484.94	21.966
485.20	23.353
485.46	24.827
485.72	26.487
485.98	27.758
486.24	29.233
486.50	30.905
486.76	32.658
487.02	34.050
487.28	35.829
487.54	37.649
487.80	39.272
488.06	40.586
488.32	42.320
488.58	43.611
488.84	44.531
489.10	45.895
489.36	47.085
489.63	48.310
489.89	49.524
490.15	50.986
490.41	52.008
490.67	52.948
490.93	53.410
491.19	53.891
491.45	54.348
491.71	55.086
491.97	55.107
492.23	55.644
492.49	55.654
492.75	55.243
493.01	55.335
493.27	55.454
493.53	55.531
493.79	54.991
494.05	54.701
494.31	54.351
494.57	53.891
494.83	53.338
495.09	52.650
495.35	51.732
495.61	51.284
495.87	50.477
496.13	49.346
496.39	48.374
496.65	47.566
496.91	46.632
497.17	45.761
497.43	44.912
497.69	44.157
497.95	43.257
498.21	42.649
498.47	41.744
498.73	40.880
498.99	39.458
499.25	38.669
499.51	37.776
499.77	36.845
500.03	35.958
500.29	34.976
500.55	34.320
500.81	33.490
501.07	32.510
501.33	31.693
501.59	30.787
501.85	29.607
502.11	28.848
502.37	28.070
502.63	26.940
502.89	25.866
503.15	25.009
503.41	24.006
503.67	22.861
503.93	22.097
504.19	21.368
504.45	20.026
504.71	19.097
504.97	18.210
505.23	17.101
505.49	15.994
505.75	15.010
506.01	13.935
506.27	12.971
506.53	11.917
506.79	11.014
507.05	10.018
507.31	9.089
507.57	8.234
507.83	7.439
508.09	6.705
508.35	6.164
508.61	5.621
508.87	5.013
509.13	4.518
509.39	4.097
509.65	3.638
509.91	3.326
510.17	3.005
510.43	2.920
510.69	2.696
510.95	2.504
511.21	2.444
511.47	2.288
511.73	2.251
511.99	2.197
512.25	2.350
512.51	2.260
512.76	2.353
513.02	2.483
513.28	2.596
513.54	2.746
513.80	2.958
514.06	3.106
514.32	3.312
514.58	3.528
514.84	3.718
515.10	3.942
515.36	4.256
515.62	4.438
515.88	4.670
516.14	4.789
516.40	4.990
516.66	5.266
516.92	5.365
517.18	5.487
517.44	5.374
517.70	5.439
517.95	5.293
518.21	5.133
518.47	5.008
518.73	4.887
518.99	4.493
519.25	4.171
519.51	3.824
519.77	3.462
520.03	3.105
520.29	2.653
520.55	2.349
520.81	2.065
521.07	1.737
521.33	1.470
521.59	1.250
521.85	1.010
522.10	0.928
522.36	0.743
522.62	0.642
522.88	0.588
523.14	0.526
523.40	0.511
523.66	0.462
523.92	0.491
524.18	0.432
524.44	0.429
524.70	0.443
524.96	0.426
525.21	0.491
525.47	0.443
525.73	0.507
525.99	0.550
526.25	0.536
526.51	0.591
526.77	0.566
527.03	0.682
527.29	0.694
527.55	0.804
527.81	0.916
528.07	1.007
528.32	1.110
528.58	1.362
528.84	1.536
529.10	1.841
529.36	2.039
529.62	2.307
529.88	2.779
530.14	3.277
530.40	3.746
530.66	4.302
530.91	4.830
531.17	5.437
531.43	6.176
531.69	6.994
531.95	7.768
532.21	8.718
532.47	9.679
532.73	10.677
532.99	11.761
533.24	12.744
533.50	13.955
533.76	15.190
534.02	16.296
534.28	17.604
534.54	18.914
534.80	20.174
535.06	21.480
535.32	22.616
535.57	24.117
535.83	25.721
536.09	27.166
536.35	28.291
536.61	29.607
536.87	31.229
537.13	32.441
537.39	34.300
537.64	35.858
537.90	37.047
538.16	38.341
538.42	40.157
538.68	41.625
538.94	42.963
539.20	44.522
539.45	46.294
539.71	47.855
539.97	49.583
540.23	51.046
540.49	52.941
540.75	53.905
541.01	55.646
541.27	57.048
541.52	58.046
541.78	59.730
542.04	61.289
542.30	62.333
542.56	63.703
542.82	65.265
543.07	66.532
543.33	67.901
543.59	68.454
543.85	69.379
544.11	70.571
544.37	71.345
544.63	72.158
544.88	73.051
545.14	72.965
545.40	73.743
545.66	73.910
545.92	74.456
546.18	74.602
546.44	75.376
546.69	76.275
546.95	76.328
547.21	76.871
547.47	76.787
547.73	77.016
547.99	77.738
548.24	78.671
548.50	79.125
548.76	78.968
549.02	78.489
549.28	78.314
549.54	77.814
549.79	77.732
550.05	77.669
550.31	76.850
550.57	77.024
550.83	77.658
551.08	77.724
551.34	78.248
551.60	78.059
551.86	78.382
552.12	78.710
552.38	78.955
552.63	78.480
552.89	78.115
553.15	77.495
553.41	77.671
553.67	77.613
553.93	77.283
554.18	77.070
554.44	77.383
554.70	77.376
554.96	77.068
555.22	76.981
555.47	76.682
555.73	75.703
555.99	75.744
556.25	75.163
556.51	75.317
556.76	75.166
557.02	75.202
557.28	74.610
557.54	74.524
557.80	73.428
558.05	72.147
558.31	71.631
558.57	70.999
558.83	70.265
559.09	69.370
559.34	68.020
559.60	67.181
559.86	66.685
560.12	65.964
560.38	64.903
560.63	64.164
560.89	63.231
561.15	61.984
561.41	60.477
561.67	59.033
561.92	57.209
562.18	55.347
562.44	53.258
562.70	50.982
562.95	48.574
563.21	46.418
563.47	44.079
563.73	41.398
563.99	38.668
564.24	35.745
564.50	32.895
564.76	29.767
565.02	26.847
565.27	24.141
565.53	21.092
565.79	17.985
566.05	15.147
566.31	12.612
566.56	10.490
566.82	8.549
567.08	6.836
567.34	5.329
567.59	4.074
567.85	3.034
568.11	2.234
568.37	1.667
568.62	1.247
568.88	0.970
569.14	0.713
569.40	0.594
569.66	0.535
569.91	0.490
570.17	0.408
570.43	0.351
570.69	0.320
570.94	0.344
571.20	0.315
571.46	0.306
571.72	0.297
571.97	0.299
572.23	0.307
572.49	0.283
572.75	0.277
573.00	0.276
573.26	0.277
573.52	0.273
573.78	0.258
574.03	0.294
574.29	0.254
574.55	0.275
574.81	0.250
575.06	0.230
575.32	0.258
575.58	0.263
575.83	0.273
576.09	0.273
576.35	0.234
576.61	0.289
576.86	0.289
577.12	0.267
577.38	0.243
577.64	0.257
577.89	0.263
578.15	0.273
578.41	0.211
578.67	0.278
578.92	0.280
579.18	0.249
579.44	0.240
579.69	0.245
579.95	0.254
580.21	0.230
580.47	0.205
580.72	0.249
580.98	0.257
581.24	0.269
581.49	0.281
581.75	0.248
582.01	0.243
582.27	0.233
582.52	0.256
582.78	0.273
583.04	0.256
583.29	0.293
583.55	0.283
583.81	0.272
584.07	0.221
584.32	0.270
584.58	0.304
584.84	0.271
585.09	0.257
585.35	0.270
585.61	0.284
585.87	0.240
586.12	0.248
586.38	0.273
586.64	0.227
586.89	0.296
587.15	0.288
587.41	0.267
587.66	0.298
587.92	0.304
588.18	0.311
588.44	0.327
588.69	0.328
588.95	0.332
589.21	0.358
589.46	0.394
589.72	0.363
589.98	0.339
590.23	0.378
590.49	0.375
590.75	0.347
591.00	0.356
591.26	0.380
591.52	0.367
591.77	0.404
592.03	0.429
592.29	0.433
592.54	0.435
592.80	0.412
593.06	0.462
593.32	0.514
593.57	0.533
593.83	0.583
594.09	0.660
594.34	0.704
594.60	0.791
594.86	0.832
595.11	0.933
595.37	1.039
595.63	1.120
595.88	1.274
596.14	1.474
596.40	1.567
596.65	1.760
596.91	1.986
597.17	2.290
597.42	2.531
597.68	2.870
597.94	3.198
598.19	3.522
598.45	3.842
598.70	4.350
598.96	4.784
599.22	5.245
599.47	5.779
599.73	6.404
599.99	7.056
600.24	7.828
600.50	8.570
600.76	9.524
601.01	10.340
601.27	11.254
601.53	12.251
601.78	13.377
602.04	14.567
602.30	15.685
602.55	16.963
602.81	18.412
603.07	19.938
603.32	21.640
603.58	23.145
603.83	24.700
604.09	26.065
604.35	27.870
604.60	29.876
604.86	31.785
605.12	33.645
605.37	35.825
605.63	37.969
605.89	40.251
606.14	42.014
606.40	43.852
606.65	45.751
606.91	47.874
607.17	50.037
607.42	51.966
607.68	54.128
607.94	55.949
608.19	58.112
608.45	59.986
608.70	61.894
608.96	63.663
609.22	65.171
609.47	67.000
609.73	68.911
609.99	70.771
610.24	72.191
610.50	73.829
610.75	74.712
611.01	75.678
611.27	77.093
611.52	78.384
611.78	79.506
612.03	80.319
612.29	80.826
612.55	81.546
612.80	81.836
613.06	83.064
613.31	83.783
613.57	84.629
613.83	85.272
614.08	85.797
614.34	85.860
614.59	85.888
614.85	85.799
615.11	85.735
615.36	85.568
615.62	86.124
615.87	86.260
616.13	86.237
616.39	85.268
616.64	85.466
616.90	84.884
617.15	84.899
617.41	84.955
617.67	84.531
617.92	84.320
618.18	83.520
618.43	83.083
618.69	82.352
618.95	81.497
619.20	80.552
619.46	79.557
619.71	78.298
619.97	77.316
620.22	76.553
620.48	76.173
620.74	74.630
620.99	74.205
621.25	73.787
621.50	73.044
621.76	72.803
622.01	71.765
622.27	71.593
622.53	71.343
622.78	71.085
623.04	71.047
623.29	70.144
623.55	70.103
623.80	69.819
624.06	69.931
624.32	70.064
624.57	70.028
624.83	69.559
625.08	68.970
625.34	69.156
625.59	68.853
625.85	67.843
626.11	68.614
626.36	68.598
626.62	69.124
626.87	70.007
627.13	69.839
627.38	70.550
627.64	71.179
627.89	71.459
628.15	72.713
628.41	72.955
628.66	72.819
628.92	73.632
629.17	73.573
629.43	74.334
629.68	74.760
629.94	75.493
630.19	76.079
630.45	76.326
630.70	77.187
630.96	77.692
631.22	77.902
631.47	78.657
631.73	79.029
631.98	79.744
632.24	80.352
632.49	80.901
632.75	81.343
633.00	81.782
633.26	82.393
633.51	83.101
633.77	83.965
634.02	84.135
634.28	84.137
634.54	84.671
634.79	85.122
635.05	85.202
635.30	85.125
635.56	85.119
635.81	85.178
636.07	85.996
636.32	85.975
636.58	85.938
636.83	85.931
637.09	86.405
637.34	86.784
637.60	87.177
637.85	87.208
638.11	87.847
638.36	88.092
638.62	88.322
638.87	88.736
639.13	88.598
639.38	88.872
639.64	89.264
639.89	89.729
640.15	88.751
640.40	88.904
640.66	89.273
640.91	90.117
641.17	90.431
641.42	90.685
641.68	90.782
641.94	90.462
642.19	90.993
642.45	91.237
642.70	91.175
642.96	91.141
643.21	91.672
643.47	91.207
643.72	91.573
643.98	91.871
644.23	91.958
644.48	91.906
644.74	92.283
644.99	92.624
645.25	93.027
645.50	92.637
645.76	93.112
646.01	92.993
646.27	93.187
646.52	92.835
646.78	92.979
647.03	93.199
647.29	93.068
647.54	92.671
647.80	92.965
648.05	92.948
648.31	93.466
648.56	93.222
648.82	93.466
649.07	94.143
649.33	93.825
649.58	93.325
649.84	93.734
650.09	93.224
650.35	93.708
650.60	93.965
650.86	94.336
651.11	94.509
651.37	94.585
651.62	93.906
651.87	93.865
652.13	94.605
652.38	94.832
652.64	94.908
652.89	95.572
653.15	95.165
653.40	95.311
653.66	95.570
653.91	95.265
654.17	94.674
654.42	94.166
654.68	94.950
654.93	95.002
655.18	94.107
655.44	94.005
655.69	93.961
655.95	93.920
656.20	93.959
656.46	93.689
656.71	93.479
656.97	93.386
657.22	92.904
657.48	92.669
657.73	92.410
657.98	92.402
658.24	92.979
658.49	92.766
658.75	92.606
659.00	92.762
659.26	92.868
659.51	92.673
659.77	92.207
660.02	91.806
660.27	91.711
660.53	91.033
660.78	90.864
661.04	90.399
661.29	90.121
661.55	89.853
661.80	89.930
662.05	88.663
662.31	88.751
662.56	88.629
662.82	87.960
663.07	87.299
663.33	86.257
663.58	85.452
663.83	84.807
664.09	84.221
664.34	83.176
664.60	82.992
664.85	82.641
665.11	82.096
665.36	81.477
665.61	80.615
665.87	79.709
666.12	78.900
666.38	78.914
666.63	77.728
666.88	76.684
667.14	75.488
667.39	74.274
667.65	72.771
667.90	72.049
668.16	71.128
668.41	70.184
668.66	69.208
668.92	68.092
669.17	67.209
669.43	66.067
669.68	65.104
669.93	63.751
670.19	62.368
670.44	61.835
670.70	60.845
670.95	59.965
671.20	58.794
671.46	57.798
671.71	56.849
671.97	55.893
672.22	54.785
672.47	53.762
672.73	52.778
672.98	52.008
673.24	50.910
673.49	49.895
673.74	49.177
674.00	48.537
674.25	47.527
674.51	46.510
674.76	45.139
675.01	44.600
675.27	43.725
675.52	42.995
675.77	42.135
676.03	41.393
676.28	40.557
676.54	39.645
676.79	38.908
677.04	38.250
677.30	37.684
677.55	37.434
677.80	37.038
678.06	36.346
678.31	35.630
678.57	34.890
678.82	34.740
679.07	34.128
679.33	33.680
679.58	33.300
679.83	33.014
680.09	32.693
680.34	32.755
680.60	32.547
680.85	32.639
681.10	33.002
681.36	32.991
681.61	33.388
681.86	33.928
682.12	34.537
682.37	35.578
682.62	36.292
682.88	36.994
683.13	37.816
683.39	38.610
683.64	39.104
683.89	40.007
684.15	40.857
684.40	41.703
684.65	42.671
684.91	43.130
685.16	43.741
685.41	44.599
685.67	45.562
685.92	46.422
686.17	47.040
686.43	47.640
686.68	48.348
686.93	49.226
687.19	49.915
687.44	50.560
687.69	51.374
687.95	52.571
688.20	53.434
688.45	54.007
688.71	54.982
688.96	55.348
689.21	56.232
689.47	57.055
689.72	57.773
689.97	58.844
690.23	59.377
690.48	60.077
690.73	60.367
690.99	61.180
691.24	61.530
691.49	62.189
691.75	63.070
692.00	63.770
692.25	64.417
692.51	64.942
692.76	65.314
693.01	66.648
693.27	66.636
693.52	67.702
693.77	68.481
694.03	68.739
694.28	69.250
694.53	70.194
694.79	70.486
695.04	71.607
695.29	72.200
695.55	73.092
695.80	74.078
696.05	74.589
696.30	75.139
696.56	75.941
696.81	76.513
697.06	76.927
697.32	77.702
697.57	78.429
697.82	78.923
698.08	78.739
698.33	78.973
698.58	79.613
698.84	79.957
699.09	80.876
699.34	81.769
699.59	81.973
699.85	82.240
700.10	83.337
700.35	83.525
700.61	83.592
700.86	84.072
701.11	83.808
701.36	83.931
701.62	83.719
701.87	83.485
702.12	83.836
702.38	84.874
702.63	85.098
702.88	84.771
703.14	84.874
703.39	85.255
703.64	85.385
703.89	85.652
704.15	85.996
704.40	86.279
704.65	86.699
704.90	87.026
705.16	86.530
705.41	86.207
705.66	85.917
705.92	86.766
706.17	87.189
706.42	86.183
706.67	86.236
706.93	86.505
707.18	86.600
707.43	86.427
707.68	86.639
707.94	86.722
708.19	86.916
708.44	87.252
708.70	87.465
708.95	87.218
709.20	86.501
709.45	86.297
709.71	86.535
709.96	86.554
710.21	85.785
710.46	86.081
710.72	85.501
710.97	85.968
711.22	85.295
711.47	84.210
711.73	84.489
711.98	84.706
712.23	83.675
712.48	83.466
712.74	83.579
712.99	82.710
713.24	82.753
713.49	83.292
713.75	82.996
714.00	83.168
714.25	82.817
714.50	82.673
714.76	82.187
715.01	81.862
715.26	80.424
715.51	80.100
715.77	79.037
716.02	78.426
716.27	79.183
716.52	78.980
716.78	77.824
717.03	77.507
717.28	76.131
717.53	76.278
717.79	76.513
718.04	74.869
718.29	73.374
718.54	73.999
718.79	73.279
719.05	72.315
719.30	70.979
719.55	69.497
719.80	69.123
720.06	68.842
720.31	68.103
720.56	66.872
720.81	65.036
721.06	64.318
721.32	63.924
721.57	61.994
721.82	59.637
722.07	59.012
722.33	57.875
722.58	56.531
722.83	55.202
723.08	53.302
723.33	52.039
723.59	49.812
723.84	47.504
724.09	46.069
724.34	44.579
724.59	42.673
724.85	40.504
725.10	38.217
725.35	36.047
725.60	34.178
725.86	32.109
726.11	29.497
726.36	27.497
726.61	25.859
726.86	23.610
727.12	21.440
727.37	19.177
727.62	16.811
727.87	14.820
728.12	12.998
728.38	11.152
728.63	9.407
728.88	7.972
729.13	6.611
729.38	5.425
729.63	4.400
729.89	3.542
730.14	2.885
730.39	2.322
730.64	1.821
730.89	1.404
731.15	1.154
731.40	0.955
731.65	0.762
731.90	0.698
732.15	0.605
732.41	0.524
732.66	0.451
732.91	0.438
733.16	0.452
733.41	0.444
733.66	0.387
733.92	0.342
734.17	0.343
734.42	0.347
734.67	0.380
734.92	0.368
735.17	0.350
735.43	0.341
735.68	0.384
735.93	0.305
736.18	0.310
736.43	0.303
736.68	0.259
736.94	0.263
737.19	0.298
737.44	0.264
737.69	0.292
737.94	0.277
738.19	0.286
738.45	0.278
738.70	0.335
738.95	0.274
739.20	0.273
739.45	0.282
739.70	0.278
739.96	0.307
740.21	0.297
740.46	0.308
740.71	0.217
740.96	0.300
741.21	0.256
741.46	0.259
741.72	0.285
741.97	0.284
742.22	0.285
742.47	0.269
742.72	0.294
742.97	0.254
743.22	0.265
743.48	0.219
743.73	0.262
743.98	0.244
744.23	0.300
744.48	0.270
744.73	0.312
744.98	0.275
745.24	0.267
745.49	0.273
745.74	0.308
745.99	0.237
746.24	0.281
746.49	0.228
746.74	0.241
746.99	0.256
747.25	0.239
747.50	0.233
747.75	0.265
748.00	0.316
748.25	0.337
748.50	0.268
748.75	0.230
749.00	0.299
749.26	0.257
749.51	0.300
749.76	0.279
750.01	0.292
750.26	0.373
750.51	0.345
750.76	0.346
751.01	0.309
751.26	0.305
751.52	0.324
751.77	0.290
752.02	0.367
752.27	0.400
752.52	0.383
752.77	0.389
753.02	0.362
753.27	0.373
753.52	0.347
753.78	0.334
754.03	0.338
754.28	0.388
754.53	0.380
754.78	0.367
755.03	0.380
755.28	0.439
755.53	0.439
755.78	0.524
756.03	0.556
756.29	0.608
756.54	0.643
756.79	0.635
757.04	0.818
757.29	0.867
757.54	0.969
757.79	1.116
758.04	1.172
758.29	1.277
758.54	1.421
758.79	1.690
759.05	1.844
759.30	1.993
759.55	2.326
759.80	2.504
760.05	2.815
760.30	3.077
760.55	3.456
760.80	3.716
761.05	4.106
761.30	4.451
761.55	4.783
761.80	5.389
762.06	5.742
762.31	6.031
762.56	6.643
762.81	7.105
763.06	7.653
763.31	8.206
763.56	8.831
763.81	9.469
764.06	10.160
764.31	11.019
764.56	11.686
764.81	12.687
765.06	13.458
765.31	14.286
765.56	15.293
765.82	16.585
766.07	17.841
766.32	18.612
766.57	19.306
766.82	20.550
767.07	21.349
767.32	22.304
767.57	23.375
767.82	24.169
768.07	25.465
768.32	26.687
768.57	27.599
768.82	28.291
769.07	29.013
769.32	30.234
769.57	30.725
769.82	31.836
770.07	33.090
770.32	34.146
770.57	34.472
770.83	34.509
771.08	34.994
771.33	35.742
771.58	35.862
771.83	36.220
772.08	36.522
772.33	36.729
772.58	37.009
772.83	36.812
773.08	36.079
773.33	36.045
773.58	35.962
773.83	36.071
774.08	35.777
774.33	34.876
774.58	35.193
774.83	34.832
775.08	34.712
775.33	34.248
775.58	33.221
775.83	31.883
776.08	31.530
776.33	30.997
776.58	30.322
776.83	29.974
777.08	29.494
777.33	28.471
777.58	27.735
777.83	27.018
778.08	26.401
778.33	25.773
778.58	25.095
778.83	24.362
779.08	23.611
779.33	22.824
779.58	21.824
779.83	21.066
780.08	20.573
780.33	19.640
780.59	18.783
780.84	17.922
781.09	16.916
781.34	16.471
781.59	15.962
781.84	15.325
782.09	14.237
782.34	13.532
782.59	13.041
782.84	12.096
783.09	11.484
783.34	10.768
783.59	10.228
783.84	9.531
784.09	8.834
784.34	8.350
784.59	7.760
784.83	6.954
785.08	6.316
785.33	5.798
785.58	5.134
785.83	4.728
786.08	4.229
786.33	3.736
786.58	3.303
786.83	2.843
787.08	2.382
787.33	2.217
787.58	1.948
787.83	1.607
788.08	1.415
788.33	1.234
788.58	1.079
788.83	1.050
789.08	0.738
789.33	0.746
789.58	0.674
789.83	0.569
790.08	0.545
790.33	0.401
790.58	0.458
790.83	0.427
791.08	0.386
791.33	0.356
791.58	0.345
791.83	0.259
792.08	0.307
792.33	0.246
792.58	0.277
792.83	0.313
793.08	0.252
793.33	0.233
793.58	0.241
793.83	0.251
794.08	0.188
794.33	0.285
794.57	0.152
794.82	0.113
795.07	0.287
795.32	0.257
795.57	0.258
795.82	0.229
796.07	0.247
796.32	0.260
796.57	0.146
796.82	0.247
797.07	0.286
797.32	0.107
797.57	0.145
797.82	0.165
798.07	0.192
798.32	0.269
798.57	0.174
798.82	0.150
799.07	0.215
799.32	0.218
799.56	0.245
799.81	0.270
800.06	0.287
800.31	0.297
800.56	0.245
800.81	0.229
801.06	0.233
801.31	0.311
801.56	0.171
801.81	0.178
802.06	0.169
802.31	0.169
802.56	0.200
802.81	0.104
803.05	0.148
803.30	0.221
803.55	0.251
803.80	0.227
804.05	0.210
804.30	0.241
804.55	0.238
804.80	0.262
805.05	0.157
805.30	0.151
805.55	0.183
805.80	0.265
806.05	0.293
806.29	0.293
806.54	0.165
806.79	0.209
807.04	0.205
807.29	0.169
807.54	0.218
807.79	0.109
808.04	0.229
808.29	0.245
808.54	0.309
808.79	0.140
809.03	0.170
809.28	0.264
809.53	0.335
809.78	0.208
810.03	0.257
810.28	0.265
810.53	0.249
810.78	0.162
811.03	0.214
811.28	0.263
811.52	0.232
811.77	0.315
812.02	0.344
812.27	0.417
812.52	0.470
812.77	0.467
813.02	0.466
813.27	0.510
813.52	0.608
813.76	0.560
814.01	0.607
814.26	0.781
814.51	0.819
814.76	0.737
815.01	0.968
815.26	0.971
815.51	1.077
815.76	1.236
816.00	1.339
816.25	1.392
816.50	1.532
816.75	1.599
817.00	1.754
817.25	2.021
817.50	2.091
817.75	2.403
817.99	2.477
818.24	2.906
818.49	3.018
818.74	3.322
818.99	3.506
819.24	3.769
819.49	4.313
819.74	4.512
819.98	4.857
820.23	5.247
820.48	5.821
820.73	6.079
820.98	6.584
821.23	7.035
821.48	7.420
821.72	7.922
821.97	8.441
822.22	8.960
822.47	9.348
822.72	10.196
822.97	10.973
823.22	11.501
823.46	12.071
823.71	12.743
823.96	13.708
824.21	14.453
824.46	15.202
824.71	15.863
824.95	16.465
825.20	17.057
825.45	18.044
825.70	18.657
825.95	19.420
826.20	20.158
826.45	20.944
826.69	22.147
826.94	22.800
827.19	23.284
827.44	24.534
827.69	25.370
827.94	25.986
828.18	26.569
828.43	27.902
828.68	29.266
828.93	30.233
829.18	31.367
829.43	32.393
829.67	33.148
829.92	33.691
830.17	35.104
830.42	36.642
830.67	37.237
830.92	37.820
831.16	39.229
831.41	40.516
831.66	41.329
831.91	42.321
832.16	43.738
832.40	44.102
832.65	44.124
832.90	46.143
833.15	47.607
833.40	48.220
833.65	49.417
833.89	50.915
834.14	51.678
834.39	52.163
834.64	53.381
834.89	54.545
835.13	54.516
835.38	55.505
835.63	57.844
835.88	58.267
836.13	57.524
836.37	59.342
836.62	61.229
836.87	62.127
837.12	63.021
837.37	63.262
837.62	62.538
837.86	63.997
838.11	65.283
838.36	64.988
838.61	65.542
838.86	66.204
839.10	67.345
839.35	67.367
839.60	67.923
839.85	68.072
840.09	68.505
840.34	69.664
840.59	69.570
840.84	69.365
841.09	69.938
841.33	71.364
841.58	71.986
841.83	72.087
842.08	71.941
842.33	72.154
842.57	72.466
842.82	73.241
843.07	74.158
843.32	73.314
843.56	72.247
843.81	72.180
844.06	73.501
844.31	73.767
844.56	74.170
844.80	73.621
845.05	74.574
845.30	74.848
845.55	74.725
845.79	74.275
846.04	73.550
846.29	73.342
846.54	73.081
846.79	73.135
847.03	73.348
847.28	73.139
847.53	72.039
847.78	70.793
848.02	69.710
848.27	68.808
848.52	68.842
848.77	68.510
849.01	68.407
849.26	66.398
849.51	64.900
849.76	63.254
850.00	62.015
850.25	60.801
850.50	60.825
850.75	60.181
850.99	58.455
851.24	57.039
851.49	56.542
851.74	54.601
851.98	52.929
852.23	50.708
852.48	49.698
852.73	47.852
852.97	46.303
853.22	45.654
853.47	43.462
853.72	41.420
853.96	39.577
854.21	36.891
854.46	35.080
854.71	34.150
854.95	32.433
855.20	30.852
855.45	29.303
855.70	27.391
855.94	26.194
856.19	24.702
856.44	23.340
856.69	22.080
856.93	21.272
857.18	19.907
857.43	19.112
857.67	17.950
857.92	16.862
858.17	15.695
858.42	15.183
858.66	14.187
858.91	13.152
859.16	12.307
859.41	11.739
859.65	11.387
859.90	10.724
860.15	10.139
860.39	9.649
860.64	9.352
860.89	9.096
861.14	8.980
861.38	8.410
861.63	8.003
861.88	7.887
862.12	7.589
862.37	7.246
862.62	7.401
862.87	7.277
863.11	7.208
863.36	7.091
863.61	7.110
863.85	6.962
864.10	6.915
864.35	6.958
864.59	6.923
864.84	6.881
865.09	6.997
865.34	6.749
865.58	6.871
865.83	7.029
866.08	6.702
866.32	6.948
866.57	7.274
866.82	7.137
867.06	6.932
867.31	6.929
867.56	7.096
867.81	6.964
868.05	7.223
868.30	7.006
868.55	7.046
868.79	6.920
869.04	6.379
869.29	6.060
869.53	6.085
869.78	6.019
870.03	5.755
870.27	5.187
870.52	4.920
870.77	4.666
871.01	4.176
871.26	3.807
871.51	3.637
871.75	3.263
872.00	3.198
872.25	3.287
872.50	2.664
872.74	2.554
872.99	2.218
873.24	2.251
873.48	2.426
873.73	2.333
873.98	1.896
874.22	1.941
874.47	1.817
874.72	1.848
874.96	1.714
875.21	1.855
875.46	1.558
875.70	1.628
875.95	2.013
876.20	1.971
876.44	2.096
876.69	2.080
876.93	2.142
877.18	2.123
877.43	2.391
877.67	2.706
877.92	2.809
878.17	2.984
878.41	3.055
878.66	3.522
878.91	3.563
879.15	3.916
879.40	4.185
879.65	4.660
879.89	5.085
880.14	5.194
880.39	5.863
880.63	6.299
880.88	6.309
881.13	6.685
881.37	7.350
881.62	7.577
881.86	8.062
882.11	8.415
882.36	8.747
882.60	9.459
882.85	10.168
883.10	10.477
883.34	10.817
883.59	11.056
883.84	11.647
884.08	12.172
884.33	12.525
884.57	12.492
884.82	13.028
885.07	13.490
885.31	14.315
885.56	14.594
885.81	14.627
886.05	15.623
886.30	15.656
886.54	15.927
886.79	16.718
887.04	16.398
887.28	16.595
887.53	16.790
887.78	17.546
888.02	17.968
888.27	18.068
888.51	18.004
888.76	18.063
889.01	18.733
889.25	19.537
889.50	19.461
889.74	19.876
889.99	20.014
890.24	20.389
890.48	20.910
890.73	20.937
890.98	21.327
891.22	21.899
891.47	22.526
891.71	23.168
891.96	24.604
892.21	24.866
892.45	24.846
892.70	25.470
892.94	25.962
893.19	26.734
893.44	27.406
893.68	27.465
893.93	29.424
894.17	29.986
894.42	30.246
894.67	30.844
894.91	31.993
895.16	32.663
895.40	33.338
895.65	34.812
895.89	35.395
896.14	36.009
896.39	36.241
896.63	36.355
896.88	36.948
897.12	38.291
897.37	38.509
897.62	39.052
897.86	40.341
898.11	40.369
898.35	40.020
898.60	40.444
898.84	41.334
899.09	42.662
899.34	41.693
899.58	42.624
899.83	42.420
900.07	42.653
900.32	43.382
900.57	43.739
900.81	44.112
901.06	44.545
901.30	45.325
901.55	46.681
901.79	47.302
902.04	47.084
902.29	47.950
902.53	48.394
902.78	49.918
903.02	49.956
903.27	50.369
903.51	51.710
903.76	52.267
904.00	53.909
904.25	54.476
904.50	54.237
904.74	54.380
904.99	56.037
905.23	56.414
905.48	56.729
905.72	56.370
905.97	56.477
906.21	58.017
906.46	58.461
906.71	58.909
906.95	58.733
907.20	60.806
907.44	62.506
907.69	62.674
907.93	61.460
908.18	62.377
908.42	63.084
908.67	63.982
908.91	64.865
909.16	65.811
909.41	64.943
909.65	65.355
909.90	66.363
910.14	67.471
910.39	67.487
910.63	67.383
910.88	67.533
911.12	68.642
911.37	70.281
911.61	68.769
911.86	70.006
912.10	72.743
912.35	71.470
912.59	71.602
912.84	72.376
913.09	72.167
913.33	74.359
913.58	73.505
913.82	72.474
914.07	71.997
914.31	71.888
914.56	73.407
914.80	73.859
915.05	75.356
915.29	76.086
915.54	75.728
915.78	76.033
916.03	76.384
916.27	75.154
916.52	76.694
916.76	78.445
917.01	80.874
917.25	80.376
917.50	77.906
917.74	78.928
917.99	80.032
918.23	80.443
918.48	81.472
918.72	81.145
918.97	80.140
919.21	82.465
919.46	81.703
919.70	81.438
919.95	81.534
920.19	81.225
920.44	81.831
920.68	82.200
920.93	82.764
921.17	83.408
921.42	83.971
921.66	83.798
921.91	83.242
922.15	84.020
922.40	88.358
922.64	87.134
922.89	85.164
923.13	86.705
923.38	87.926
923.62	90.541
923.87	87.787
924.11	87.640
924.36	89.822
924.60	91.390
924.85	90.247
925.09	89.318
925.34	90.095
925.58	90.867
925.83	92.933
926.07	91.664
926.32	91.995
926.56	92.874
926.81	91.788
927.05	92.614
927.30	92.727
927.54	91.185
927.78	89.687
928.03	91.040
928.27	95.185
928.52	95.289
928.76	92.543
929.01	90.732
929.25	92.631
929.50	95.543
929.74	93.117
929.99	92.925
930.23	95.179
930.48	97.041
930.72	97.625
930.97	95.654
931.21	92.110
931.45	92.415
931.70	93.710
931.94	95.209
932.19	96.148
932.43	96.548
932.68	95.350
932.92	95.521
933.17	96.961
933.41	95.049
933.66	95.588
933.90	92.415
934.14	95.178
934.39	97.508
934.63	97.522
934.88	95.991
935.12	95.226
935.37	96.548
935.61	97.440
935.86	95.360
936.10	95.672
936.34	94.926
936.59	97.827
936.83	94.686
937.08	93.606
937.32	93.899
937.57	95.363
937.81	93.774
938.06	93.859
938.30	94.871
938.54	94.844
938.79	96.646
939.03	95.374
939.28	97.598
939.52	99.019
939.77	96.623
940.01	95.643
940.25	97.230
940.50	97.109
940.74	93.684
940.99	94.478
941.23	95.421
941.48	99.104
941.72	98.882
941.96	98.394
942.21	98.120
942.45	95.647
942.70	94.329
942.94	95.268
943.18	98.915
943.43	100.185
943.67	97.124
943.92	95.295
944.16	94.835
944.41	93.503
944.65	94.925
944.89	94.165
945.14	95.467
945.38	97.840
945.63	98.530
945.87	98.501
946.11	94.581
946.36	97.055
946.60	96.191
946.85	93.960
947.09	95.021
947.33	95.441
947.58	97.536
947.82	95.928
948.07	95.397
948.31	97.907
948.55	96.122
948.80	95.725
949.04	96.372
949.29	96.144
949.53	95.237
949.77	93.819
950.02	93.781
950.26	95.329
950.51	97.400
950.75	94.966
950.99	94.369
951.24	94.508
951.48	94.933
951.72	92.755
951.97	94.548
952.21	95.559
952.46	95.308
952.70	96.702
952.94	94.947
953.19	92.671
953.43	92.818
953.67	93.866
953.92	92.993
954.16	95.264
954.41	97.393
954.65	96.012
954.89	96.326
955.14	96.151
955.38	94.200
955.62	93.179
955.87	95.650
956.11	93.005
956.36	95.071
956.60	95.089
956.84	94.746
957.09	93.017
957.33	93.929
957.57	93.030
957.82	93.484
958.06	92.555
958.30	91.820
958.55	93.810
958.79	95.505
959.04	94.569
959.28	94.085
959.52	95.096
959.77	95.900
960.01	95.534
960.25	95.816
960.50	95.817
960.74	93.286
960.98	92.934
961.23	95.591
961.47	95.347
961.71	94.455
961.96	95.125
962.20	97.946
962.44	97.421
962.69	96.966
962.93	95.767
963.18	95.580
963.42	97.545
963.66	97.809
963.91	95.991
964.15	95.710
964.39	95.790
964.64	93.914
964.88	91.589
965.12	94.278
965.37	95.641
965.61	96.492
965.85	93.329
966.10	91.982
966.34	90.927
966.58	91.735
966.83	93.029
967.07	93.366
967.31	94.637
967.56	95.257
967.80	93.780
968.04	93.651
968.29	94.182
968.53	92.634
968.77	93.642
969.01	93.112
969.26	93.477
969.50	94.386
969.74	93.069
969.99	92.356
970.23	92.636
970.47	94.795
970.72	95.255
970.96	92.600
971.20	91.308
971.45	91.241
971.69	90.701
971.93	92.970
972.18	92.092
972.42	92.877
972.66	90.517
972.91	92.318
973.15	92.702
973.39	92.671
973.63	92.248
973.88	91.553
974.12	92.844
974.36	94.636
974.61	92.869
974.85	93.466
975.09	94.716
975.34	91.841
975.58	89.982
975.82	92.149
976.06	90.000
976.31	89.029
976.55	91.150
976.79	91.015
977.04	93.838
977.28	88.978
977.52	91.538
977.76	91.151
978.01	93.205
978.25	93.130
978.49	93.495
978.74	91.660
978.98	91.233
979.22	90.610
979.46	90.737
979.71	87.465
979.95	88.668
980.19	87.795
980.44	88.049
980.68	87.070
980.92	88.354
981.16	91.418
981.41	91.293
981.65	90.416
981.89	89.830
982.14	88.898
982.38	89.584
982.62	89.321
982.86	89.648
983.11	87.784
983.35	86.920
983.59	87.031
983.83	91.699
984.08	91.369
984.32	89.453
984.56	89.491
984.80	89.631
985.05	88.008
985.29	89.398
985.53	89.299
985.77	90.584
986.02	91.623
986.26	86.262
986.50	87.364
986.75	86.387
986.99	88.317
987.23	88.687
987.47	90.345
987.72	92.093
987.96	92.391
988.20	89.652
988.44	90.863
988.69	88.928
988.93	89.569
989.17	89.141
989.41	87.822
989.66	86.442
989.90	85.238
990.14	87.254
990.38	87.846
990.63	90.314
990.87	88.332
991.11	86.558
991.35	84.748
991.59	87.164
991.84	86.818
992.08	91.860
992.32	92.756
992.56	90.585
992.81	87.108
993.05	87.370
993.29	83.648
993.53	85.323
993.78	84.789
994.02	87.480
994.26	88.116
994.50	85.669
994.74	88.703
994.99	84.518
995.23	87.451
995.47	87.435
995.71	86.619
995.96	87.325
996.20	86.972
996.44	84.811
996.68	87.310
996.92	88.315
997.17	87.710
997.41	88.552
997.65	90.794
997.89	91.620
998.14	90.016
998.38	87.113
998.62	87.702
998.86	87.584
999.10	85.377
999.35	88.732
999.59	88.575
999.83	87.752
1000.07	81.665
